,mean,Cluster_0,Cluster_1,Cluster_2,Cluster_3,Cluster_4,cluster
0,508.25199999999995,11.46832673555638,15.9511423467099,27.460787168569922,35.591399541959504,9.528344207204302,6
1,296.66999999999996,36.46138807429129,0.0,63.53861192570871,0.0,0.0,1
2,294.40000000000003,13.281249999999996,31.691576086956523,55.02717391304347,0.0,0.0,1
3,192.335,0.8838744898224452,9.12470429199054,34.76659647663365,29.523141047304613,25.701683694248743,6
4,89.0,0.0,19.887640449438205,57.752808988764045,0.0,22.35955056179775,1
5,1079.4,14.950898647396702,10.825458588104503,38.28701130257549,19.700759681304426,16.23587178061886,5
6,459.4,0.0,11.558554636482372,63.16935132781889,25.27209403569874,0.0,1
7,1214.5400000000002,16.374512160982757,14.56930195794292,45.39784609811121,8.398241309466957,15.260098473496134,5
8,404.85999999999996,0.0,4.371881638097121,12.537667341797166,3.704984439065356,79.38546658104038,0
9,1165.2433333333336,4.184533702545677,11.465416379411453,43.5817411527778,14.783750461277043,25.984558303988003,5
10,689.1400000000001,11.92210581304234,28.656006036509268,48.35011753780072,11.071770612647649,0.0,6
11,174.89999999999998,0.0,20.240137221269304,79.75986277873072,0.0,0.0,1
12,470.468,6.284805767873691,22.146033311511093,43.518368943265,20.908967241130107,7.141824736220102,6
13,276.0,17.934782608695652,30.543478260869573,37.5,5.380434782608696,8.641304347826088,6
14,578.92,33.53140330270158,5.605264976162511,54.87804878048781,5.985282940648105,0.0,1
15,320.69,1.571611213321276,33.11609342355546,49.876828089432166,15.435467273691103,0.0,6
16,855.1500000000001,12.917032099631642,27.090763803621194,30.827730027870352,20.282991288078115,8.881482780798688,6
17,398.68,12.059797331192936,21.495936590749476,50.54178790007023,9.25554329286646,6.646934885120899,6
18,324.6,15.711645101663585,52.40295748613679,26.432532347504615,5.452865064695009,0.0,9
19,190.30000000000004,13.399894902785073,43.720441408302676,0.0,26.169206516027323,16.710457172884915,9
20,774.0599999999998,12.913727618014113,20.405394930625537,29.08689248895435,30.598403224556247,6.995581737849781,5
21,3948.1400000000017,13.779146636137515,22.571641329841384,34.8685710233173,15.945483189552547,12.835157821151219,3
22,388.62,10.665946168493646,30.742113118213165,35.76758787504504,13.020431269620708,9.80392156862745,6
23,567.2800000000001,7.668170920885628,48.49985897616696,24.27372725990692,12.366027358623606,7.192215484416867,9
24,1028.74,10.088068899819197,27.835993545502262,32.28220930458619,14.960048214320432,14.833680035771915,5
25,315.344,26.785986097721853,9.4563397432645,39.83142219290679,14.117915673042775,9.80833629306408,6
26,212.69,3.1219145234848837,16.643941887253753,17.983920259532653,25.671164605764258,36.57905872396445,0
27,200.95000000000002,27.668574272207014,4.404080617068923,43.44364269718835,0.0,24.483702413535706,6
28,498.85200000000003,13.591205407615886,22.33728640959643,23.44182242428616,31.506739473831917,9.1229462846696,6
29,504.84,22.98550035654861,12.00380318516758,27.7513667696696,25.453609064257986,11.805720624356232,6
30,395.65000000000003,2.9571591052698087,18.254770630607858,49.431315556678875,28.4184253759636,0.9383293314798433,6
31,351.08,3.8737609661615586,5.0415859633132065,66.50336105730888,18.913068246553493,5.6682237666628685,1
32,209.32125000000002,44.04832285303093,18.864544330783424,19.903617047958583,14.09615602811468,3.0873597401123867,4
33,1109.81,14.600697416674931,12.634595110874839,47.86404880114613,17.016426235121326,7.88423243618277,5
34,258.4125,49.28554152759638,7.280994533933148,39.12349441300246,4.309969525468002,0.0,4
35,69.3,0.0,0.0,52.5974025974026,21.645021645021643,25.75757575757576,1
36,195.6,0.0,67.02453987730063,32.97546012269939,0.0,0.0,9
37,1390.3900000000006,15.37122677809822,25.50435489323139,11.216996669999059,21.986636842900182,25.920784815771107,5
38,1621.25,4.988743253662297,24.12582883577487,40.125212027756355,26.596761757902854,4.163454124903624,5
39,288.83,22.494200740920263,9.799882283696293,44.71228750476058,8.893639857355538,14.099989613267322,6
40,484.7625000000001,12.300868982233565,38.84324798225935,29.36489518062969,15.01766328872386,4.473324566153528,6
41,3650.09,8.7033470407579,17.71298789892852,32.83681589586376,26.458617002137846,14.288232162311981,10
42,266.66499999999996,1.8900118125738288,6.637541484634281,40.669004181276144,7.003168769804812,43.80027375171096,0
43,380.96000000000004,17.48215035699286,24.7952540949181,30.25689486210276,25.90385692286154,1.5618437631247375,6
44,254.95000000000005,14.394979407727003,28.995881545401055,9.756815061776818,8.766424789174348,38.08589919592075,0
45,147.47,15.27090255645216,11.392147555435004,35.39702990438733,26.85291923781108,11.087000745914423,6
46,4573.07,5.914188936534977,18.862511033798594,30.640066009631745,28.33271740865545,16.25051661137923,10
47,354.7885714285714,12.87044195335653,9.705579177940987,29.606767813426103,24.94443370699652,22.87277734827986,6
48,668.5799999999997,16.988243740464874,4.494600496574832,9.692183433545727,23.377905411469097,45.44706691794552,0
49,162.85333333333335,23.571311609628292,17.930243982315375,36.33125921074177,11.206402488947107,10.960782708367447,6
50,227.85333333333332,8.353326701386857,42.1177365556791,41.014687810872495,8.51424893206156,0.0,9
51,205.81,23.201704762367502,35.41130168602108,30.77734665121089,5.740384682127066,4.869262218273442,6
52,804.1600000000001,1.238559490648627,43.85943095901312,12.833267011539991,39.84903501790688,2.219707520891365,8
53,777.1999999999999,9.693772516726712,18.965517241379317,56.415337107565634,12.738033968090583,2.187339166237777,5
54,510.7299999999999,2.4866367748125238,25.257964090615403,46.15550290760285,10.39688289311378,15.703013333855464,6
55,249.50000000000006,0.0,24.408817635270534,23.807615230460915,0.0,51.783567134268516,0
56,868.1314285714285,14.805855597901571,16.919919959453146,22.126175760088994,25.333228016824314,20.814820665731986,2
57,827.6266666666667,6.374855007088542,19.267141384198997,14.894799587575719,42.90179146797268,16.561412553164068,8
58,379.3790909090909,5.144290790933511,14.584835987989944,27.80476232696008,18.688431096744203,33.777679797372265,2
59,1658.3300000000002,12.988970832102176,13.530479458250166,25.66135811328264,13.246760294995566,34.57243130136945,5
60,2131.743333333334,23.01809317256767,18.988214653734108,32.3785071060775,15.377085734211274,10.23809933340943,5
61,403.06999999999994,19.00414320093284,6.951646116059247,15.79130175899968,19.50033492941673,38.752573994591515,0
62,3560.225,0.0,12.611562471473011,22.633400978870714,9.03735016747537,55.71768638218091,3
63,429.01000000000005,15.384256777231297,25.980746369548495,0.0,35.76839700706277,22.86659984615743,8
64,225.83416666666665,30.398411813978548,12.56452928217977,49.19575942524198,2.9224984409651626,4.918801037634548,1
65,770.0699999999998,17.912657290895638,17.86590829405119,38.92503278922696,13.927305309906895,11.369096315919336,5
66,155.55,20.25072324011572,45.51591128254581,9.643201542912246,24.59016393442623,0.0,9
67,943.27,1.441792911891611,12.477516158328653,38.54923122047063,20.58442086217803,26.947038847131076,5
68,431.49,1.5759345523650607,31.425989014809147,40.10289925606619,14.913439477160539,11.981737699599064,6
69,793.1933333333333,5.353885979878801,22.11734843964061,21.44412039099337,25.611662562300914,25.47298262718631,5
70,98.94,10.18799272286234,32.9593693147362,56.85263796240145,0.0,0.0,1
71,2653.91,22.322535428857798,21.980775534965396,42.01593121093028,6.878530168694493,6.802227656552031,5
72,707.0899999999999,13.237353095079838,15.604802783238345,42.96482767398775,19.325686970541238,8.86732947715284,5
73,436.2919999999999,37.48682075307364,14.572809036150103,30.97008425549862,12.033225454512118,4.9370605007655435,4
74,912.6999999999999,14.586392023666047,10.797633395420183,45.47441656623206,11.734414374931522,17.407143639750196,5
75,369.376,3.4566403881140086,23.912760980680932,37.37654855756736,17.54580698258685,17.708243091050853,6
76,393.70000000000005,10.896621793243586,14.43992887985776,55.778511557023116,12.407924815849631,6.477012954025907,1
77,626.8800000000001,5.398162327718223,5.647013782542113,25.226518631955074,23.210183767228173,40.518121490556396,0
78,594.1099999999999,7.77633771523792,11.916985070104866,39.52298395919948,19.196781740755085,21.586911514702667,6
79,292.59666666666675,13.121589446222895,24.707504072728096,49.645131523485105,8.720764647580856,3.8050103099830244,6
80,102.59166666666668,0.0,12.427909999187717,72.38242222402728,0.0,15.189667776784987,1
81,410.94,25.341899060690125,29.05533654548109,25.405168637757335,12.313233075388135,7.884362680683312,6
82,328.77,13.526173312650183,31.9372205493202,36.65936673054111,12.79770052012045,5.079538887368069,6
83,541.6926315789473,12.932950906320931,14.083341106240093,50.16682601125518,16.6364494916519,6.180432484531916,2
84,909.9200000000001,17.400650606646735,20.4123439423246,47.28020045718304,11.108668893968701,3.798136099876912,5
85,512.125,29.559189650964118,18.276787893580668,39.999023675860386,7.127166219184769,5.037832560410056,6
86,306.4661538461538,19.993172793582424,28.70413598188783,41.09325662766123,7.056871633459336,3.1525629634091863,2
87,449.8957142857143,6.363379449840758,16.991239239569804,49.65658708208569,14.566867877317602,12.421926351186148,6
88,2944.6766666666663,2.0167466037584205,15.846448336716087,24.79864795568953,36.466595653399416,20.871561450436552,5
89,630.9833333333335,13.199503420586911,21.902321772894158,37.30103806228373,19.35603159090308,8.241105153332098,6
90,460.97,14.421762804520903,16.553409115560665,45.13905460225177,17.888908171898386,5.996865305768271,6
91,215.01,12.081608607351598,37.28198688433097,25.381765189216004,25.25463931910144,0.0,6
92,1071.7166666666665,14.338677822185591,15.091053294558577,33.78038349688195,23.82159463788626,12.968290748487629,5
93,553.39,1.6697085238258733,18.70290391947813,44.995392038164766,14.248540812085508,20.383454706445725,6
94,298.93,3.3720268959288124,29.10380356605225,31.59602582544408,21.62713678787676,14.30100692469809,6
95,535.0983333333334,11.673243858605426,42.38037245490705,33.53589215689328,8.641713828299473,3.768777701294778,9
96,108.39,14.337115970107941,26.570716855798505,0.0,59.09216717409356,0.0,8
97,189.87,7.868541633749407,26.889450676778846,54.076473376520774,7.82114078053405,3.3443935324169165,1
98,152.17200000000003,6.771285124727281,48.81844228898877,25.458034329574424,10.028126067870566,8.924112188838945,9
99,690.6,12.076455256298871,25.716768027801912,62.20677671589922,0.0,0.0,1
100,147.44,1.0444926749864352,6.431994935793091,67.55290287574606,10.2075420510038,14.763067462470609,1
101,2025.3899999999992,25.984131451226688,16.81404568996589,27.921042367149056,16.53014974893725,12.750630742721162,5
102,599.1740000000001,4.526231111496826,11.873679432018077,35.45714600433263,17.48573870027738,30.657204751875085,6
103,73.50000000000003,3.4693877551020393,22.380952380952376,10.272108843537412,26.05442176870747,37.823129251700664,0
104,144.8033333333333,8.231854699477454,33.76994083929928,19.6818673603278,38.31633710089547,0.0,8
105,158.5,16.08832807570978,0.0,0.0,62.46056782334385,21.451104100946374,8
106,407.285,5.634874841941146,6.518776777931916,28.640878009256415,31.338006555606025,27.867463815264493,6
107,558.2900000000001,26.96448082537748,12.932346988124449,51.50548997832666,8.59768220817138,0.0,1
108,1017.6800000000002,10.02279694992532,11.054555459476454,37.45578177816209,8.470246049838847,32.99661976259727,5
109,278.7,12.701829924650166,6.350914962325083,41.17330462863295,13.724434876210982,26.04951560818084,6
110,541.19,23.66821264251002,74.94595243814557,1.3858349193444075,0.0,0.0,9
111,609.9666666666667,10.862342204492046,31.58533253183234,37.07579649161157,11.970599486310729,8.50592928575332,6
112,379.865,13.220486225369537,24.087504771431956,42.54669422031511,10.714332723467548,9.430982059415847,6
113,469.25200000000024,14.795461713535579,16.974674588494025,42.16071535123982,16.55400509747427,9.515143249256258,6
114,545.6800000000001,6.84283829350535,36.34730977862483,38.71316522504031,12.28742119923765,5.809265503591848,6
115,131.51625,14.711109843840589,21.396595477745148,32.25171794360012,24.436143822531438,7.204432912282703,6
116,457.41333333333336,16.520433743368507,21.186162770360866,52.371669678773394,4.215734856876349,5.7059989506208835,6
117,484.29999999999995,10.406772661573404,27.008052859797647,47.28474086310139,12.234152384885403,3.0662812306421645,6
118,110.23666666666668,22.835717093526046,45.7016721598984,16.69136101115781,4.490338967675607,10.28091076774213,9
119,272.3425,9.034579619413059,11.373546178066224,38.1917989296566,15.394218676849922,26.00585659601421,6
120,365.2166666666667,13.873043398895632,39.06356957057454,24.56076301738694,14.703600602382147,7.799023410760736,6
121,981.1800000000001,13.279928249658571,7.113883283393465,56.45549236633441,9.050327157096556,14.100368943516992,5
122,358.17500000000007,5.695539889718711,8.543309834578066,9.576324422419207,48.55866545682976,27.626160396454242,8
123,1505.8966666666665,4.83432904869524,19.351482726791787,46.201709280627924,17.099446841195395,12.51303210268965,5
124,691.0761538461537,11.473075994073906,16.364666478925294,50.24916545989032,12.658852024545892,9.254240042564609,2
125,240.07,25.992418877827305,12.558837005873288,49.077352438872005,9.278543758070564,3.0928479193568545,1
126,416.195,9.399440166268215,2.126407092829083,63.57596799577122,10.758178257787817,14.140006487343673,1
127,676.2,18.189884649511974,34.383318544809235,28.482697426796804,18.944099378881983,0.0,6
128,75.9,40.316205533596836,20.158102766798418,39.52569169960474,0.0,0.0,4
129,67.19999999999999,0.0,0.0,100.0,0.0,0.0,1
130,824.8299999999994,13.612501970102942,14.215050374016474,37.037935089654866,15.391050277026794,19.743462289199,5
131,168.0,0.0,46.42857142857143,53.57142857142857,0.0,0.0,9
132,301.9414285714286,14.659418335628004,33.70331994379231,27.540819174958248,19.261067662129363,4.835374883492068,6
133,312.89999999999986,13.231064237775653,14.806647491211258,31.773729626078634,15.755832534356031,24.432726110578475,6
134,743.7800000000001,3.656995348086799,0.0,72.14230014251525,24.200704509397937,0.0,1
135,262.85499999999996,9.198988035228549,31.84265089117575,20.67679899564399,35.04784006391357,3.233722014038158,8
136,1292.31,18.51103837314576,13.591166206250824,30.491909835875298,31.13030155303294,6.275584031695182,5
137,238.85,26.125183169353157,12.685786058195522,9.796943688507431,32.4262089177308,18.965878166213106,8
138,444.4675,9.477633347770086,40.18966516111978,33.860743473932295,9.744806988137492,6.7271510290403675,6
139,402.9000000000001,0.0,13.179448994787787,48.957557706626936,14.743112434847355,23.119880863737897,6
140,145.92,3.453947368421053,24.259868421052637,52.63157894736842,19.654605263157897,0.0,1
141,297.65000000000003,27.1123803124475,0.0,31.009575004199558,22.7952292961532,19.082815387199727,6
142,796.2199999999999,8.422853538525088,15.763091719485683,39.985738168401255,16.705321533132942,19.12299504045504,2
143,109.712,10.74084876768266,21.758786641388365,29.59809926595692,22.20358757474114,15.698677750230909,2
144,248.35,15.462049526877392,6.16066035836521,72.39782564928528,5.979464465472117,0.0,1
145,160.54,14.096175407998008,58.02292263610316,15.516382210041114,6.166687429924007,6.197832315933724,9
146,182.45000000000002,0.0,53.65853658536586,8.22143052891203,27.21293505069882,10.907097835023292,9
147,234.1375,17.378677059420212,11.366184400192198,60.700443115690575,9.492285515989538,1.0624099087074903,1
148,195.89,17.606820154168158,13.349328704885394,47.373525958446066,14.77870233294196,6.891622849558426,6
149,1412.6600000000003,9.683858819531945,27.993289255730314,34.131355032350314,20.822420115243574,7.369076777143826,5
150,386.41999999999996,19.227783241033077,17.933854355364634,44.51632938253714,10.09264530821386,8.229387712851302,6
151,379.7,19.699762970766393,14.801158809586518,51.119304714248095,9.165130366078483,5.214643139320517,1
152,175.68,28.927595628415297,27.851775956284154,22.928051001821494,20.29257741347905,0.0,6
153,412.2763636363637,20.241056308213373,16.107906435224383,35.720743367202935,23.59957133784928,4.330722551510018,2
154,195.67800000000003,0.0,7.236378131419986,16.521019225462236,34.51077791064912,41.731824732468645,0
155,842.9300000000001,16.460441555052014,11.139715041581152,45.02212520612623,9.725006821444248,17.65271137579633,5
156,113.5,29.2511013215859,0.0,70.7488986784141,0.0,0.0,1
157,8951.260000000002,4.477581927013627,21.268514153314726,16.45019807267356,26.071189977723797,31.732515869274263,3
158,368.84999999999985,24.888165921106154,29.28019520130135,30.771316253219478,8.052053680357874,7.008268944015185,6
159,200.8,23.28187250996016,5.826693227091632,70.89143426294822,0.0,0.0,1
160,127.36666666666667,0.0,5.495943470295734,84.16644857367181,0.0,10.337607956032452,1
161,342.84285714285716,6.197758239926664,46.87528647026959,37.31405475228134,6.806533605566899,2.806366931955498,9
162,213.95,27.903715821453613,23.440056087871003,5.889226454779155,33.46576302874503,9.301238607151204,8
163,560.405,16.338183991934404,21.902017291066286,16.97522327602359,24.64735325345063,20.137222187525094,6
164,437.0350000000001,24.945370508082867,17.78232864644708,36.30716075371537,11.86975871497706,9.095381376777603,6
165,121.83999999999999,47.5815276865835,10.013131976362445,36.24972641715912,6.155613919894944,0.0,4
166,220.60666666666668,2.628106333041209,9.093106887068993,10.150796289021184,5.026542967372801,73.10144752349582,0
167,97.412,5.223175789430459,39.78975896193487,42.08311091036012,6.159405412064221,6.744548926210323,9
168,118.09,28.994834448302143,11.940045727834702,46.489965280718096,12.575154543145059,0.0,4
169,321.6166666666667,14.934963984038971,26.06208218894129,26.2672954345235,16.935274913198946,15.800383479297297,6
170,552.125,12.84129499660403,17.935250169798504,43.01109350237718,14.023092596785148,12.189268734435137,6
171,668.0400000000001,12.879468295311655,31.39033590802946,3.592599245554158,17.805820010777794,34.33177654032693,6
172,445.5066666666667,9.108730134977403,49.462783946368184,21.728069912908143,17.253763505222516,2.446652500523748,9
173,315.59999999999997,0.0,9.695817490494298,12.024714828897341,35.07604562737643,43.20342205323195,0
174,551.6950000000002,14.613146756813093,35.40905754085137,27.977415057232697,13.000842857013382,8.99953778808943,6
175,320.65,6.362077031030719,9.917355371900829,40.94807422423203,3.087478559176673,39.68501481365976,0
176,242.85,26.312538604076597,36.30498936243223,28.817514240614923,0.0,8.564957792876262,6
177,469.65999999999997,13.552357024230293,17.9172167099604,47.121321807264835,13.733339011199591,7.6757654473448875,6
178,564.7317647058824,10.124327634983395,37.667231918537055,31.246380374232857,11.31614800988288,9.645912062363807,2
179,162.09999999999997,12.584824182603333,33.18938926588527,35.811227637260956,18.414558914250467,0.0,6
180,269.1,22.222222222222218,39.68784838350055,30.73206986250464,7.357859531772575,0.0,9
181,284.565,18.14699629258693,10.542406831479626,37.83845518598562,12.888092351483843,20.584049338463974,6
182,1206.9099999999999,17.914343240175327,31.692503997812597,36.10459769162572,8.252479472371595,6.036075598014765,5
183,714.6666666666665,9.69216417910448,32.97621268656717,30.384328358208958,14.925373134328366,12.021921641791048,6
184,623.4575,9.035098623402558,26.955325743936037,44.806181656327816,15.979437251135806,3.2239567251977888,6
185,506.91666666666674,12.1992437941805,35.37596580634555,17.71494328456353,14.121321716258423,20.58852539865198,6
186,754.5899999999997,19.81738427490426,26.197007646536548,38.15913277408926,10.101512079407364,5.72496322506262,5
187,785.9285714285712,10.868853948923025,16.540216304644197,34.95283104607835,23.61992183949833,14.018176860856132,2
188,366.1,4.916689429117727,24.829281617044526,47.596285167986885,15.596831466812347,7.060912319038513,6
189,674.5899999999999,3.7356023658814985,21.530114588120195,26.660638313642366,31.18931499132807,16.884329741027887,6
190,145.9,9.047292666209733,20.973269362577103,36.49760109664154,21.83002056202879,11.651816312542836,6
191,330.45000000000005,27.949765471326977,12.873354516568316,59.176880012104704,0.0,0.0,1
192,325.08000000000004,8.062015503875967,53.96825396825397,9.361387966039128,0.0,28.608342561830934,9
193,477.9100000000001,20.782155635998407,3.1261116109727767,38.90899960243559,30.06842292481847,7.114310225774727,6
194,406.9533333333333,15.657814982880922,35.909113248038274,44.35397998132464,4.079091787756173,0.0,6
195,265.0609090909091,5.99244770498719,26.485850593517096,29.488933932852472,27.939032880950176,10.093734887693053,6
196,300.05,12.464589235127479,9.798366938843527,40.859856690551574,11.064822529578404,25.81236460589902,6
197,189.83666666666667,23.392038770170853,57.459921687064316,16.540534845744588,2.6075046970202456,0.0,9
198,114.00000000000003,42.63157894736841,0.0,13.157894736842103,28.552631578947363,15.657894736842104,4
199,793.9799999999998,13.70311594750498,24.824302879165725,36.84979470515631,14.723292778155624,9.899493690017383,5
200,1104.925,8.485643821978869,14.086023938276353,50.772676878521175,14.19327103649569,12.462384324727925,5
201,100.58333333333333,5.633802816901409,35.50952775476387,44.043082021541004,9.892294946147473,4.921292460646231,6
202,776.355,2.6894912765423036,25.014329784699008,54.01362778625758,11.906602005525823,6.375949146975287,6
203,546.4399999999999,9.735744089012519,29.85506185491546,21.374716345801918,18.977380865236807,20.057096845033307,6
204,348.2371428571429,11.999212359393843,35.6944774907083,31.247179672308683,13.082218192857084,7.976912284732079,6
205,509.27,0.9719795000687259,2.2532252047047736,0.9719795000687257,95.80281579515777,0.0,8
206,45.0,0.0,0.0,100.0,0.0,0.0,1
207,812.8233333333333,4.679983760308719,17.602841125787894,37.78229791631638,24.12373332458468,15.811143873002335,6
208,713.8650000000001,23.301324480118783,17.712732799618973,40.022273118867005,13.12923311830668,5.834436483088537,6
209,496.82333333333327,9.527196119344907,26.144102195951618,40.11486309687549,9.158185002046336,15.05565358578167,6
210,225.9,4.515272244355909,41.76626826029216,7.702523240371844,9.9601593625498,36.05577689243029,9
211,220.9,22.20461747397012,21.11815301041195,30.556813037573562,6.790402897238569,19.330013580805797,6
212,437.3333333333333,18.80030487804878,16.559451219512198,39.542682926829265,20.167682926829265,4.929878048780488,6
213,189.946,12.569888284038623,29.59262106072253,31.65110083918587,2.084803049287692,24.10158676676529,6
214,855.9114285714285,25.811081921026545,15.552009720631975,39.62209040321262,18.872947467862165,0.1418704872667065,2
215,291.5666666666668,2.33222819252315,15.399565565336681,54.51011775465873,13.576083228535493,14.182005258945917,1
216,180.4533333333333,8.822225506132703,10.251958031624062,41.67282399881779,31.901137874981533,7.35185458844392,6
217,604.1949999999999,14.418978972020627,26.4495527106315,31.948087951737442,14.89637037711335,12.287009988497093,2
218,360.6913636363637,5.7062131941057626,25.99691753589382,35.24103331858892,11.53277607019852,21.52305988121297,2
219,496.3491666666667,17.05956324428871,21.776001101375204,47.25873419081661,6.907939471373478,6.9977619921459855,2
220,396.5466666666666,40.22561447160486,11.07057597256313,41.86140344978313,5.178037053226187,1.664369052822703,4
221,555.6733333333333,11.223620592434406,26.07887127928879,35.78421374668571,23.64698683879018,3.2663075428009267,6
222,71.14,54.45600224908631,0.0,45.54399775091369,0.0,0.0,4
223,4873.810000000005,14.679275556494794,17.98962208210823,40.49070439758623,15.312455758431277,11.52794220537935,3
224,475.03000000000014,7.132181125402603,21.5986358756289,53.44925583647346,9.441508957329008,8.378418205165987,1
225,335.00999999999993,0.0,26.449956717709927,36.59592250977583,7.4326139518223355,29.52150682069193,6
226,161.4333333333333,3.716704521990502,33.698120999380556,26.574437332232087,13.710510014453853,22.30022713194301,6
227,177.9775,2.02834627972637,16.82796982764675,21.297635937126884,16.202890814850193,43.643157140649805,0
228,380.8349999999999,25.223521997715554,7.181587826749119,47.914451140257604,6.853361692071372,12.827077343206378,6
229,166.95,18.508535489667565,0.0,8.984725965858043,19.40700808625337,53.09973045822103,0
230,286.95500000000004,17.38251642243557,10.193235873220537,39.727483403321074,32.69676430102281,0.0,6
231,975.5249999999999,16.92319520258323,19.99333692114503,46.35401450501012,13.408164834319985,3.3212885369416476,5
232,362.855,30.11946920946383,17.734356698956883,33.45413457166085,12.449876672500034,6.242162847418389,6
233,265.54999999999995,16.004518922990023,35.925437770664665,35.134626247411035,12.93541705893429,0.0,6
234,266.6175,9.898074957570302,16.302380751451047,44.86764747250274,7.473252880999934,21.458643937475973,6
235,936.2280000000001,15.977731920002391,29.24244948879974,30.205676395066156,11.441657374058456,13.13248482207325,5
236,603.42,10.957542010539921,20.53296211593915,30.29399091843161,14.939842895495675,23.275662059593653,6
237,270.64250000000004,9.136591629178712,24.40304091190408,42.19634758029503,18.368327221334415,5.89569265728775,6
238,648.8016666666666,8.969613209994838,6.524849658729813,38.10756240350802,19.35388575347885,27.0440889742885,2
239,341.0066666666668,31.64356513069147,15.219643799730207,30.30243788000233,9.408418212742662,13.425934976833295,4
240,318.09818181818184,4.38972529922151,9.782571418772934,4.940727276884209,18.04903003075094,62.83794597437041,0
241,766.425,20.077633166976547,19.101347163779888,41.90853638646965,9.26868251948984,9.643800763284078,6
242,273.86,18.68107792302636,49.47783539034543,31.841086686628202,0.0,0.0,9
243,623.8999999999995,31.197307260779,18.320243628786677,26.664529572046824,14.281134797243162,9.536784741144421,6
244,415.49,13.34328142674914,25.151026498832703,40.31986329394209,12.551445281474885,8.63438349900118,6
245,202.25000000000003,26.69962917181705,14.981458590852906,33.22620519159455,6.427688504326327,18.665018541409147,6
246,189.68444444444447,29.444223154244476,20.810586002483657,29.855432414067806,11.656786710091614,8.232971719112445,2
247,365.162,24.21062432564177,16.45844857898686,41.396421314375544,9.305458946987914,8.629046834007921,6
248,244.90749999999997,18.129293712932434,19.89526658023948,32.96652817900636,21.261088370098918,7.747823157722815,6
249,244.39000000000007,9.68397506717405,15.115184745693355,39.363312737837056,31.697969093116185,4.13955835617933,6
250,371.79999999999995,14.927380311995698,28.725121032813345,19.298009682625068,33.84884346422808,3.200645508337817,6
251,274.0266666666667,60.47829894900739,6.623442973919813,27.844005449591275,5.05425262748151,0.0,4
252,478.2833333333335,21.602258075757035,22.437188556295077,21.74791790082587,5.795030839460569,28.41760462766142,6
253,182.08249999999998,17.151565911056803,21.913143767248364,40.861971908338255,13.606469594826521,6.466848818530063,6
254,417.0100000000001,8.91105728879403,35.89841970216541,26.833888875566526,14.855758854703721,13.50087527877029,6
255,1339.4189999999999,7.388576688847927,17.535214895413613,43.514389447962145,10.514633583665756,21.047185384110577,5
256,218.2600000000001,9.34665078346925,8.109594062127735,36.91010721158249,45.633647942820474,0.0,8
257,383.95,7.969787732777705,18.94777965880974,30.642010678473763,22.55502018491991,19.885401745018882,6
258,110.39999999999999,7.608695652173914,0.0,7.608695652173914,84.78260869565217,0.0,8
259,344.7849999999999,20.52293458242093,1.4791826790608644,26.697797177951482,9.33190248995751,41.96818307060924,0
260,144.0,35.0,0.0,0.0,64.99999999999999,0.0,8
261,137.35,53.29450309428467,0.0,27.084091736439753,0.0,19.621405169275576,4
262,975.5400000000001,16.276113742132562,9.477827664678024,58.9929679972118,15.25309059597761,0.0,5
263,273.215,12.287026700583791,14.204930183189065,29.85194809948209,20.039163296305112,23.61693172043995,6
264,2654.2433333333333,17.268198218450202,22.60116819231596,23.780035239170488,11.313958906053578,25.03663944400978,5
265,346.17500000000007,1.473243301798223,22.806384054307788,19.318263883873755,3.4899256156568206,52.91218314436339,0
266,137.8002173913044,17.77767961704694,19.881965226911667,30.025509519925663,13.893038809071948,18.421806827043763,7
267,918.4100000000002,5.219890898400496,12.958627773361933,40.28048475081933,18.934898356942973,22.606098220475236,2
268,275.88,11.418007829491083,0.0,20.62490938089024,43.67116137451066,24.28592141510802,8
269,4366.779999999999,11.036049446044913,8.721300363196685,22.222324000751133,39.670420767705274,18.349905422302022,3
270,3288.182,14.00080652469967,19.867635063995852,26.748032803537036,24.8025200551551,14.581005552612355,10
271,142.46,2.9786138799195094,4.866863213065656,28.054658617623662,64.09986428939118,0.0,8
272,17.549999999999997,0.0,0.0,9.401709401709404,0.0,90.5982905982906,0
273,112.08000000000001,100.0,0.0,0.0,0.0,0.0,4
274,560.5600000000001,6.4269064269064256,51.43368536225679,30.96011131725418,6.225916940202655,4.953379953379954,9
275,1395.795,19.011387775425476,44.41841387882893,31.80767949448164,2.4842473285833515,2.278271522680623,5
276,503.76,16.746069556931875,18.78870890900429,42.0438303954264,18.18822455137367,4.233166587263777,6
277,247.04,9.229274611398964,0.0,59.601683937823836,31.1690414507772,0.0,1
278,1693.8800000000003,1.3814437858644055,11.22865846459017,38.77370297777882,20.913523980447252,27.702670791319335,5
279,906.4379999999999,10.507944283006672,23.910515666818917,30.792619020826585,19.39901019154096,15.38991083780689,5
280,1143.6000000000001,1.7838405036726124,23.473242392444906,30.01049317943336,20.388247639034628,24.344176285414477,5
281,1351.4499999999998,20.60009619297791,9.434311295275446,33.85252876540013,0.0,36.11306374634652,5
282,268.66999999999996,20.858302006178587,12.284587039863032,45.404213347228946,10.142554062604683,11.310343544124764,6
283,108.01500000000001,37.62440401796046,0.0,55.015507105494606,0.0,7.360088876544923,4
284,428.4871428571428,5.597100763150086,11.618951727173013,40.43895299408884,15.743096142241308,26.60189837334676,6
285,549.26,27.564359319812116,21.246768379273938,34.69395186250591,16.49492043840804,0.0,6
286,428.66749999999996,14.120501320953888,25.223512395971238,24.477013069570237,24.835682667801972,11.343290545702672,6
287,283.0199999999999,14.415942336230659,42.611829552681805,37.10691823899372,5.865309872093847,0.0,9
288,255.95,0.0,53.79957022856027,46.20042977143974,0.0,0.0,9
289,157.32999999999998,12.127375579991103,19.958049958685567,41.47333629949787,26.441238161825463,0.0,6
290,294.9200000000001,13.671504136715038,41.0958904109589,0.0,12.850942628509426,32.38166282381662,9
291,177.60000000000002,0.0,100.0,0.0,0.0,0.0,9
292,344.54,10.373251291577175,18.633540372670808,53.57868462297557,17.414523712776457,0.0,1
293,230.74,9.209499869983532,9.70789633353558,81.0826037964809,0.0,0.0,1
294,316.99999999999994,18.26498422712934,32.46056782334386,38.911671924290225,4.731861198738171,5.630914826498424,6
295,226.03,4.459585010839269,0.0,50.74547626421272,6.636287218510817,38.158651506437195,1
296,69.12,100.0,0.0,0.0,0.0,0.0,4
297,397.58,32.86885658232306,15.921324010262087,19.165954021832082,23.064540469842548,8.979324915740229,4
298,126.67500000000001,0.0,33.392539964476015,29.484902309058615,13.676731793960926,23.44582593250444,6
299,405.31,10.920036515259927,17.246058572450718,30.27312427524611,26.70795193802275,14.852828699020504,6
300,229.425,7.322654462242563,54.2225128037485,27.579819112999886,6.538084341288003,4.3369292797210415,9
301,85.92,0.0,100.0,0.0,0.0,0.0,9
302,431.7299999999999,9.39939313923054,5.836981446737546,33.423667570009044,31.62277349269219,19.717184351330697,6
303,226.10000000000002,4.135338345864661,17.91242812914639,21.870853604599734,20.70986289252543,35.371517027863774,0
304,126.03999999999999,0.0,0.0,52.87210409393842,47.127895906061575,0.0,8
305,387.2,2.634297520661157,9.142561983471076,38.63636363636363,49.586776859504134,0.0,8
306,194.115,30.291322154393015,37.652937691574586,15.403240347216855,16.65249980681555,0.0,4
307,92.72,38.826574633304574,21.484037963761864,21.354616048317514,0.0,18.33477135461605,4
308,474.4399999999999,14.935502908692358,46.851024365567845,20.139532923025044,11.761234297276793,6.312705505437992,9
309,351.9,0.0,0.0,0.0,0.0,100.0,0
310,210.52399999999997,18.850107351180863,30.770838479223272,41.68645855104406,7.980087780965592,0.7125078375862136,6
311,138.50333333333333,2.39705422252172,12.201872397776228,26.413323385718755,35.991913552020414,22.99583644196289,8
312,146.5,24.573378839590443,0.0,54.84641638225256,5.1194539249146755,15.460750853242319,1
313,490.28,0.0,0.0,0.0,100.0,0.0,8
314,215.05,14.229249011857705,43.36200883515461,42.40874215298767,0.0,0.0,9
315,267.8,11.42643764002987,12.061239731142642,28.005974607916357,31.235997012696043,17.270351008215084,6
316,417.37999999999994,4.858881594709858,17.801523791269354,31.170635871388185,9.200249173415116,36.96870956921751,6
317,312.38,4.3536718099750304,34.76534989435944,11.293936871758756,6.338433958640118,43.24860746526667,0
318,704.1766666666666,8.85005183358343,16.594793920086342,25.437745262789168,15.501318324473502,33.61609065906756,6
319,134.1,0.0,13.199105145413872,38.25503355704698,14.76510067114094,33.78076062639821,6
320,390.78999999999985,17.052636966145506,34.903656695411875,19.089536579748724,14.381125412625714,14.573044346068226,6
321,337.605,19.824350942669685,31.309370418092147,33.70506953392278,11.904444543179162,3.256764562136224,6
322,681.6925,4.258518320210359,33.587357936312934,56.5467567855008,3.8617118422162484,1.7456551157596718,1
323,170.63944444444442,25.37286220783914,23.665233061263027,23.802624767622444,13.914979928439106,13.244300034836284,2
324,559.495,7.451362389297491,52.26856361540316,32.57223031483749,6.2467046175569045,1.4611390629049412,9
325,241.75857142857146,10.609758259420556,14.51034384953111,27.713598572365576,29.20268745088075,17.963611867801994,6
326,174.88000000000002,3.0134949679780414,30.878316559926805,27.939158279963394,24.559698078682523,13.609332113449222,6
327,48.43000000000001,2.271319430105306,60.77500172069653,7.323284465551655,5.643884644504094,23.986509739142402,9
328,686.86,25.1914509507032,12.46251055528055,49.87624843490667,7.992895204262878,4.476894854846694,6
329,135.17999999999995,18.072200029590185,18.58263056665188,41.226512797751155,11.096316023080341,11.022340582926471,6
330,311.54999999999995,4.236880115551276,22.72508425613867,58.73856523832451,9.532980259990373,4.766490129995186,1
331,326.18333333333334,9.534515354350823,18.992386694599155,26.161156813652852,10.914107608195799,34.39783352920137,6
332,441.5,10.040770101925256,24.40921102302756,33.05851264628162,13.69950924877312,18.791996979992454,6
333,38.1,53.54330708661416,46.45669291338584,0.0,0.0,0.0,4
334,553.2,1.7895878524945765,22.59580621836587,22.907628344179322,17.010122921185825,35.6968546637744,6
335,27.599999999999998,100.0,0.0,0.0,0.0,0.0,4
336,981.3799999999995,5.396482504228741,10.051152458782536,55.32821129429988,23.16126271169171,6.062891030997171,5
337,499.11999999999995,4.968744991184485,17.310466420900784,20.77055617887482,32.637441897740025,24.31279051129989,6
338,504.29000000000013,42.318903805350075,10.654583672093436,30.531374143184802,15.642454407847334,0.8526839715243212,4
339,267.8433333333333,11.97466180478638,36.6520229487387,24.079997013179348,21.167224621358258,6.126093611937327,6
340,190.32,6.6834804539722565,68.33228247162674,20.96469104665826,0.0,4.0195460277427495,9
341,299.985,7.117022517792555,30.693201326733003,48.41408737103522,3.8418587596046465,9.933830024834576,6
342,374.0,0.0,81.81818181818183,0.0,0.0,18.181818181818183,9
343,666.4300000000003,47.15874135318035,16.670918175952455,20.167159341566247,16.003181129300895,0.0,4
344,116.03699999999999,32.14061032256953,19.02151899825056,8.893714935753252,7.290777941518654,32.653377801908015,4
345,427.495,3.7310377899156713,23.504368472145874,61.42527982783426,7.391899320459888,3.9474145896443233,1
346,253.85,1.6742170573173134,98.32578294268268,0.0,0.0,0.0,9
347,298.0,0.0,0.0,65.43624161073825,18.892617449664428,15.671140939597317,1
348,291.63000000000005,3.497582553235263,24.030449542228165,19.59674930562699,27.20913486266845,25.66608373624112,6
349,309.05000000000007,0.0,20.190907620126193,55.00728037534378,0.0,24.801812004530007,1
350,645.35,12.895328116525913,11.259006740528395,38.18393120012396,21.128070039513442,16.53366390330828,6
351,775.0,10.978064516129033,17.210322580645165,25.8,18.55354838709678,27.45806451612903,5
352,177.06,0.0,7.1162317858353115,30.07455099966113,45.95052524567943,16.85869196882413,8
353,42.0,100.0,0.0,0.0,0.0,0.0,4
354,267.79999999999995,9.85810306198656,19.566840926064234,52.03510082150859,18.539955190440633,0.0,1
355,108.25,0.0,32.70207852193996,53.5796766743649,13.718244803695152,0.0,1
356,209.946875,13.280145274846317,32.54394712948217,45.09622970096601,2.8727505470133816,6.206927347692124,2
357,138.68,7.268531871935391,12.763195846553218,46.07730025959042,21.632535333141043,12.258436688779925,6
358,244.68999999999994,25.632432874249055,5.35371286117128,45.212309452777,9.436429768278233,14.365115043524462,6
359,900.4549999999998,9.381923583077448,16.917003070669836,27.019118112509787,43.922239312347656,2.759715921395295,5
360,464.33750000000003,12.594287560233667,9.228201469836057,57.925539074487844,12.60397878698145,7.647993108460979,1
361,410.03600000000006,12.041869494385857,20.76988361997483,33.31414802602698,33.874098859612324,0.0,6
362,288.7966666666667,0.0,37.08491556920093,20.757395630143467,7.617816456791974,34.53987234386362,6
363,181.825,2.8598927540217245,18.108070947339474,26.48150694348962,36.092396535129936,16.45813282001925,8
364,751.5374999999999,4.850057382366149,30.211399963408354,21.299669011859027,18.9744357400662,24.664437902300286,5
365,594.0,0.0,0.0,0.0,0.0,100.0,0
366,147.21666666666667,0.0,0.0,62.492924261292885,3.3623910336239105,34.144684705083215,1
367,422.07333333333344,12.237297713755197,28.28137641519201,35.59088380288487,17.62375855345481,6.2666835147130815,2
368,405.38,36.82470768168138,14.948936800039473,35.275543934086535,4.884306083181213,8.066505501011397,4
369,193.27750000000003,5.260570940745817,8.03119866513174,23.692618126786613,53.780186519382745,9.235425747953071,8
370,368.31,21.633949661969535,15.06339768130108,39.88487958513208,18.937851266596073,4.479921805001222,6
371,378.7133333333333,5.407784251940782,30.30436389881529,51.15566743535128,9.083387610681784,4.048796803210872,6
372,117.85000000000001,17.310140008485362,0.0,25.371234620280013,12.600763682647434,44.717861688587185,0
373,207.9,21.847041847041844,25.541125541125542,21.094276094276093,27.224627224627223,4.292929292929292,6
374,348.3285714285715,0.0,12.690809170323586,28.303326087848085,30.768978386580812,28.23688635524751,2
375,178.74499999999998,16.271783826121013,22.88735349240539,36.35066715152872,12.112226915438198,12.377968614506702,6
376,383.8349999999999,29.026795367801274,17.908085505490646,33.28122761082237,10.65887686115128,9.125014654734457,6
377,798.4600000000002,8.436239761540964,37.98812714475365,28.16421611602334,19.149362522856492,6.262054454825538,5
378,275.48,8.327283287352982,23.673829921107394,41.239533420453995,14.3144087895068,12.444944581578818,6
379,757.64,6.082044242648223,16.10263449659469,19.259806768386042,58.55551449237104,0.0,8
380,361.27000000000004,5.6467462009023714,9.13444238381266,30.3983170481911,23.528109170426546,31.29238519666731,6
381,227.9666666666666,3.352829361017693,11.11712238631379,30.105278549495544,25.61778037724814,29.806989325924853,6
382,286.95,17.773131207527445,18.81860951385259,31.224952082244293,25.248301097752226,6.935006098623453,6
383,462.95000000000005,0.0,36.35381790690139,30.348849767793496,10.065881844691651,23.231450480613457,6
384,267.33166666666665,18.19462714854831,6.789319135406083,47.662391910174016,21.405993802953887,5.947668002917724,6
